clean;

A = [145 95];
B = [145 900];
C = [1800 95];


AC = C-A;
AB = B-A;

